6341, 1327494432, 1327494464 
6342, 1327494432, 1327494464 
6343, 1327494432, 1327494464 
6344, 1327494432, 1327494464 
6345, 1327494432, 1327494464 
6346, 1327494432, 1327494464 
6347, 1327494432, 1327494464 
6348, 1327494432, 1327494464 
6349, 1327494432, 1327494464 
6350, 1327494432, 1327494464 
6351, 1327494432, 1327494464 
6352, 1327494432, 1327494464 
6353, 1327494432, 1327494464 
6354, 1327494432, 1327494464 
6355, 1327494432, 1327494464 
6356, 1327494432, 1327494464 
6357, 1327494432, 1327494464 
6358, 1327494432, 1327494464 
6359, 1327494432, 1327494464 
6360, 1327494432, 1327494464 
6361, 1327494432, 1327494464 
6362, 1327494432, 1327494464 
6363, 1327494432, 1327494464 
6364, 1327494432, 1327494464 
6365, 1327494432, 1327494464 
6366, 1327494432, 1327494464 
6367, 1327494432, 1327494464 
6368, 1327494432, 1327494464 
6369, 1327494432, 1327494464 
6370, 1327494432, 1327494464 
6371, 1327494432, 1327494464 
6372, 1327494432, 1327494464 
6373, 1327494432, 1327494464 
6374, 1327494432, 1327494464 
