2461, 1214248224, 1214248256 
2462, 1214248224, 1214248256 
2463, 1214248224, 1214248256 
2464, 1214248224, 1214248256 
2465, 1214248224, 1214248256 
2466, 1214248224, 1214248256 
2467, 1214248224, 1214248256 
2468, 1214248224, 1214248256 
2469, 1214248224, 1214248256 
2470, 1214248224, 1214248256 
2471, 1214248224, 1214248256 
2472, 1214248224, 1214248256 
2473, 1214248224, 1214248256 
2474, 1214248224, 1214248256 
2475, 1214248224, 1214248256 
2476, 1214248224, 1214248256 
2477, 1214248224, 1214248256 
2478, 1214248224, 1214248256 
2479, 1214248224, 1214248256 
2480, 1214248224, 1214248256 
