2484, 1503655200, 1503655232 
2485, 1503655200, 1503655232 
2486, 1503655200, 1503655232 
2487, 1503655200, 1503655232 
2488, 1503655200, 1503655232 
2489, 1503655200, 1503655232 
2490, 1503655200, 1503655232 
2491, 1503655200, 1503655232 
2492, 1503655200, 1503655232 
2493, 1503655200, 1503655232 
2494, 1503655200, 1503655232 
2495, 1503655200, 1503655232 
2496, 1503655200, 1503655232 
2497, 1503655200, 1503655232 
2498, 1503655200, 1503655232 
2499, 1503655200, 1503655232 
2500, 1503655200, 1503655232 
2501, 1503655200, 1503655232 
2502, 1503655200, 1503655232 
2503, 1503655200, 1503655232 
2504, 1503655200, 1503655232 
2505, 1503655200, 1503655232 
2506, 1503655200, 1503655232 
2507, 1503655200, 1503655232 
2508, 1503655200, 1503655232 
2509, 1503655200, 1503655232 
2510, 1503655200, 1503655232 
2511, 1503655200, 1503655232 
2512, 1503655200, 1503655232 
2513, 1503655200, 1503655232 
2514, 1503655200, 1503655232 
2515, 1503655200, 1503655232 
2516, 1503655200, 1503655232 
2517, 1503655200, 1503655232 
2518, 1503655200, 1503655232 
2519, 1503655200, 1503655232 
2520, 1503655200, 1503655232 
2521, 1503655200, 1503655232 
2522, 1503655200, 1503655232 
2523, 1503655200, 1503655232 
2524, 1503655200, 1503655232 
2525, 1503655200, 1503655232 
2526, 1503655200, 1503655232 
2527, 1503655200, 1503655232 
2528, 1503655200, 1503655232 
2529, 1503655200, 1503655232 
2530, 1503655200, 1503655232 
2531, 1503655200, 1503655232 
2532, 1503655200, 1503655232 
2533, 1503655200, 1503655232 
