2534, -1342180064, -1342180032 
2535, -1342180064, -1342180032 
2536, -1342180064, -1342180032 
2537, -1342180064, -1342180032 
2538, -1342180064, -1342180032 
2539, -1342180064, -1342180032 
2540, -1342180064, -1342180032 
2541, -1342180064, -1342180032 
2542, -1342180064, -1342180032 
2543, -1342180064, -1342180032 
2544, -1342180064, -1342180032 
2545, -1342180064, -1342180032 
2546, -1342180064, -1342180032 
2547, -1342180064, -1342180032 
2548, -1342180064, -1342180032 
2549, -1342180064, -1342180032 
2550, -1342180064, -1342180032 
2551, -1342180064, -1342180032 
2552, -1342180064, -1342180032 
2553, -1342180064, -1342180032 
2554, -1342180064, -1342180032 
2555, -1342180064, -1342180032 
2556, -1342180064, -1342180032 
2557, -1342180064, -1342180032 
2558, -1342180064, -1342180032 
2559, -1342180064, -1342180032 
2560, -1342180064, -1342180032 
2561, -1342180064, -1342180032 
2562, -1342180064, -1342180032 
2563, -1342180064, -1342180032 
2564, -1342180064, -1342180032 
2565, -1342180064, -1342180032 
2566, -1342180064, -1342180032 
2567, -1342180064, -1342180032 
2568, -1342180064, -1342180032 
2569, -1342180064, -1342180032 
2570, -1342180064, -1342180032 
2571, -1342180064, -1342180032 
2572, -1342180064, -1342180032 
2573, -1342180064, -1342180032 
2574, -1342180064, -1342180032 
2575, -1342180064, -1342180032 
2576, -1342180064, -1342180032 
2577, -1342180064, -1342180032 
2578, -1342180064, -1342180032 
2579, -1342180064, -1342180032 
2580, -1342180064, -1342180032 
2581, -1342180064, -1342180032 
