2583, -859835104, -859835072 
2584, -859835104, -859835072 
2585, -859835104, -859835072 
2586, -859835104, -859835072 
2587, -859835104, -859835072 
2588, -859835104, -859835072 
2589, -859835104, -859835072 
2590, -859835104, -859835072 
2591, -859835104, -859835072 
2592, -859835104, -859835072 
2593, -859835104, -859835072 
2594, -859835104, -859835072 
2595, -859835104, -859835072 
2596, -859835104, -859835072 
2597, -859835104, -859835072 
2598, -859835104, -859835072 
2599, -859835104, -859835072 
2600, -859835104, -859835072 
2601, -859835104, -859835072 
2602, -859835104, -859835072 
2603, -859835104, -859835072 
2604, -859835104, -859835072 
2605, -859835104, -859835072 
2606, -859835104, -859835072 
2607, -859835104, -859835072 
2608, -859835104, -859835072 
2609, -859835104, -859835072 
2610, -859835104, -859835072 
2611, -859835104, -859835072 
2612, -859835104, -859835072 
2613, -859835104, -859835072 
2614, -859835104, -859835072 
2615, -859835104, -859835072 
2616, -859835104, -859835072 
2617, -859835104, -859835072 
2618, -859835104, -859835072 
2619, -859835104, -859835072 
2620, -859835104, -859835072 
2621, -859835104, -859835072 
2622, -859835104, -859835072 
2623, -859835104, -859835072 
2624, -859835104, -859835072 
2625, -859835104, -859835072 
2626, -859835104, -859835072 
2627, -859835104, -859835072 
2628, -859835104, -859835072 
2629, -859835104, -859835072 
2630, -859835104, -859835072 
2631, -859835104, -859835072 
2632, -859835104, -859835072 
2633, -859835104, -859835072 
2634, -859835104, -859835072 
2635, -859835104, -859835072 
2636, -859835104, -859835072 
2637, -859835104, -859835072 
2638, -859835104, -859835072 
2639, -859835104, -859835072 
2640, -859835104, -859835072 
2641, -859835104, -859835072 
2642, -859835104, -859835072 
2643, -859835104, -859835072 
2644, -859835104, -859835072 
2645, -859835104, -859835072 
2646, -859835104, -859835072 
2647, -859835104, -859835072 
2648, -859835104, -859835072 
2649, -859835104, -859835072 
2650, -859835104, -859835072 
2651, -859835104, -859835072 
2652, -859835104, -859835072 
2653, -859835104, -859835072 
2654, -859835104, -859835072 
2655, -859835104, -859835072 
2656, -859835104, -859835072 
2657, -859835104, -859835072 
2658, -859835104, -859835072 
2659, -859835104, -859835072 
2660, -859835104, -859835072 
2661, -859835104, -859835072 
2662, -859835104, -859835072 
2663, -859835104, -859835072 
2664, -859835104, -859835072 
2665, -859835104, -859835072 
2666, -859835104, -859835072 
2667, -859835104, -859835072 
2668, -859835104, -859835072 
2669, -859835104, -859835072 
2670, -859835104, -859835072 
2671, -859835104, -859835072 
2672, -859835104, -859835072 
2673, -859835104, -859835072 
2674, -859835104, -859835072 
2675, -859835104, -859835072 
2676, -859835104, -859835072 
2677, -859835104, -859835072 
2678, -859835104, -859835072 
2679, -859835104, -859835072 
2680, -859835104, -859835072 
2681, -859835104, -859835072 
2682, -859835104, -859835072 
2683, -859835104, -859835072 
2684, -859835104, -859835072 
2685, -859835104, -859835072 
2686, -859835104, -859835072 
2687, -859835104, -859835072 
2688, -859835104, -859835072 
2689, -859835104, -859835072 
2690, -859835104, -859835072 
2691, -859835104, -859835072 
2692, -859835104, -859835072 
2693, -859835104, -859835072 
2694, -859835104, -859835072 
2695, -859835104, -859835072 
2696, -859835104, -859835072 
2697, -859835104, -859835072 
2698, -859835104, -859835072 
2699, -859835104, -859835072 
2700, -859835104, -859835072 
2701, -859835104, -859835072 
2702, -859835104, -859835072 
2703, -859835104, -859835072 
2704, -859835104, -859835072 
2705, -859835104, -859835072 
2706, -859835104, -859835072 
2707, -859835104, -859835072 
2708, -859835104, -859835072 
2709, -859835104, -859835072 
2710, -859835104, -859835072 
2711, -859835104, -859835072 
2712, -859835104, -859835072 
2713, -859835104, -859835072 
2714, -859835104, -859835072 
2715, -859835104, -859835072 
2716, -859835104, -859835072 
2717, -859835104, -859835072 
2718, -859835104, -859835072 
2719, -859835104