748, 352318752, 352318784 
749, 352318752, 352318784 
750, 352318752, 352318784 
751, 352318752, 352318784 
752, 352318752, 352318784 
753, 352318752, 352318784 
754, 352318752, 352318784 
755, 352318752, 352318784 
756, 352318752, 352318784 
757, 352318752, 352318784 
758, 352318752, 352318784 
759, 352318752, 352318784 
760, 352318752, 352318784 
761, 352318752, 352318784 
762, 352318752, 352318784 
763, 352318752, 352318784 
764, 352318752, 352318784 
765, 352318752, 352318784 
766, 352318752, 352318784 
767, 352318752, 352318784 
