808, -434113248, -434113216 
809, -434113248, -434113216 
810, -434113248, -434113216 
811, -434113248, -434113216 
812, -434113248, -434113216 
813, -434113248, -434113216 
814, -434113248, -434113216 
815, -434113248, -434113216 
816, -434113248, -434113216 
817, -434113248, -434113216 
818, -434113248, -434113216 
819, -434113248, -434113216 
820, -434113248, -434113216 
821, -434113248, -434113216 
822, -434113248, -434113216 
823, -434113248, -434113216 
824, -434113248, -434113216 
825, -434113248, -434113216 
826, -434113248, -434113216 
827, -434113248, -434113216 
828, -434113248, -434113216 
829, -434113248, -434113216 
830, -434113248, -434113216 
831, -434113248, -434113216 
832, -434113248, -434113216 
833, -434113248, -434113216 
834, -434113248, -434113216 
835, -434113248, -434113216 
836, -434113248, -434113216 
837, -434113248, -434113216 
838, -434113248, -434113216 
839, -434113248, -434113216 
840, -434113248, -434113216 
841, -434113248, -434113216 
842, -434113248, -434113216 
843, -434113248, -434113216 
844, -434113248, -434113216 
845, -434113248, -434113216 
846, -434113248, -434113216 
847, -434113248, -434113216 
848, -434113248, -434113216 
849, -434113248, -434113216 
850, -434113248, -434113216 
851, -434113248, -434113216 
852, -434113248, -434113216 
853, -434113248, -434113216 
854, -434113248, -434113216 
855, -434113248, -434113216 
856, -434113248, -434113216 
857, -434113248, -434113216 
858, -434113248, -434113216 
859, -434113248, -434113216 
860, -434113248, -434113216 
861, -434113248, -434113216 
862, -434113248, -434113216 
863, -434113248, -434113216 
864, -434113248, -434113216 
865, -434113248, -434113216 
866, -434113248, -434113216 
867, -434113248, -434113216 
868, -434113248, -434113216 
869, -434113248, -434113216 
870, -434113248, -434113216 
871, -434113248, -434113216 
872, -434113248, -434113216 
873, -434113248, -434113216 
874, -434113248, -434113216 
875, -434113248, -434113216 
876, -434113248, -434113216 
877, -434113248, -434113216 
878, -434113248, -434113216 
879, -434113248, -434113216 
880, -434113248, -434113216 
881, -434113248, -434113216 
882, -434113248, -434113216 
883, -434113248, -434113216 
884, -434113248, -434113216 
885, -434113248, -434113216 
886, -434113248, -434113216 
887, -434113248, -434113216 
888, -434113248, -434113216 
889, -434113248, -434113216 
890, -434113248, -434113216 
891, -434113248, -434113216 
892, -434113248, -434113216 
893, -434113248, -434113216 
894, -434113248, -434113216 
895, -434113248, -434113216 
896, -434113248, -434113216 
897, -434113248, -434113216 
898, -434113248, -434113216 
899, -434113248, -434113216 
900, -434113248, -434113216 
901, -434113248, -434113216 
902, -434113248, -434113216 
903, -434113248, -434113216 
904, -434113248, -434113216 
905, -434113248, -434113216 
906, -434113248, -434113216 
907, -434113248, -434113216 
